    -292    -139     297    -689
    -263    -234     177    -625
    -148    -246     144    -612
     -45    -158     130    -681
       0    -235     136    -762
       3    -169      31    -765
       6     -47     -86    -533
     -48     190    -155    -282
     -88     299    -238     -99
    -158     502    -354     106
    -306     588    -474     136
    -266     626    -539     116
     -16     600    -310      69
     156     384     222    -235
     174     112     593    -458
      55     -33     892    -465
    -113    -160     702    -528
    -313    -179     293    -611
    -348    -108    -423    -664
    -227     -66    -896    -723
    -100      64    -841    -737
      29     181    -317    -721
      40     207     298    -705
     -55     181     542    -521
    -168     254     491    -136
    -127     425      -9     -26
     -35     440    -631      64
     -74     382    -920      26
    -130     331    -770      47
    -130     232    -241      82
     -49      97     363     -55
      58     -69     596    -193
      72    -148     585    -406
    -111    -145     399    -616
    -243     -40       0    -677
    -191     103    -301    -756
    -136     191    -310    -840
     -71     329     -47    -837
     -81     389     253    -769
    -132     391     348    -469
    -225     439     109     -96
    -271     493    -363     -22
    -225     518    -734     -16
    -220     533    -775       5
    -169     511    -454     -40
     -51     365      74     -37
     121     189     511      11
     136     -60     531     -73
     -31    -223     511     -81
    -158    -298     405    -172
    -145    -303     188    -256
    -148    -300     101    -336
    -172    -141      74    -359
    -330      13     -41    -393
    -168     208    -276    -417
     -21     317    -445    -397
       6     438    -391    -384
     -55     532    -244    -230
    -264     639    -168    -292
    -453     717    -324    -359
    -273     778    -451    -413
      56     773    -271    -408
     288     734     298    -406
     392     609     813    -425
     307     454    1166    -392
     187     260     826    -440
      49      76     220    -480
      -2     -64    -506    -519
     -55    -133    -772    -340
    -139    -168    -631    -300
    -148    -113    -200    -204
    -113     -97     -12    -155
     -45     -83     -54    -128
    -142     -94    -259    -113
    -212     -22    -318      45
     -65      49    -137     105
      16     108     218      62
     -88     150     493       5
    -281     256     575     -57
    -292     442     504     -44
    -182     420     133     -14
    -188     404    -223       6
    -163     330    -325     119
    -132     206     -86    -103
    -128      93     144    -243
    -150      54     216    -432
    -236     116     -66    -431
    -387     191    -490    -444
    -664     324    -807    -495
    -645     373    -795    -465
    -260     360    -386    -384
     145     328     294    -663
     254     166     744    -892
      91     106     937    -977
     -47      89     758    -950
    -115     212     411    -614
    -292     252    -233    -345
    -418     401    -883     -53
    -374     463   -1121      28
    -268     496    -784      49
    -174     458     -88     -46
    -138     328     542    -267
     -69     166     833    -493
      24      62     595    -602
    -109     -43     186    -498
    -336     -85    -432    -584
    -429     -56    -665    -643
    -328      56    -389    -686
    -118     142     136    -763
       0     215     522    -741
     -40     136     495    -738
    -227     159      97    -737
    -270     311    -473    -642
    -259     379    -724    -491
    -275     422    -546    -372
    -352     479     -80    -314
    -257     432     330    -209
       9     384     512    -160
     140     252     524    -184
      22     138     490    -224
    -212      57     332    -161
    -409      33      56    -182
    -417     106    -205    -202
    -274     222    -317    -385
    -153     252    -317    -677
    -116     320    -249    -756
    -185     419    -203    -849
    -215     410    -230    -865
    -248     404    -356    -903
    -349     456    -390    -795
    -381     440    -248    -824
    -159     349     142    -860
     182     219     529    -852
     394     134     678    -892
     265      95     530    -788
       0      92     255    -458
    -237     172    -235    -190
    -281     257    -429     -80
    -211     263    -283      22
    -198     338      -5      29
    -248     271      59    -167
    -312     252     -80    -569
    -289     234    -268    -886
    -150     238    -303    -994
     -24     235     -13   -1070
     -17     217     380   -1049
     -76     180     519    -997
     -96     202     502   -1077
      51     197     182    -832
     134     231     -81    -478
     149     223    -155    -309
      94     202      -3    -154
      42     183     130     -38
     -68     165     294       8
    -228     197     179     111
    -350     212     -84     169
    -338     211    -413     132
    -220     157    -501    -211
    -102      80    -246    -708
     -37      45     289    -872
      -8      25     590    -929
      27      37     741    -973
     103      57     626    -975
      94      95     361    -889
     -47     242    -164    -482
    -126     327    -620    -182
    -196     439    -777     -75
    -308     501    -542       2
    -405     499    -165     -27
    -354     413     143     -23
     -80     213     289    -248
     238     -68     448    -645
     322    -268     501    -777
     170    -351     450    -899
    -144    -338     173    -980
    -383    -222    -307    -722
    -459      -5    -687    -447
    -239     190    -806    -297
      70     260    -443    -311
     228     270     219    -188
      90     209     559    -161
    -125     201     594      22
    -179     232     447     -64
     -96     252      28     -88
     -28     282    -157    -143
     -25     198     -82    -342
     -32     172      69    -517
    -138     191      29    -653
    -273     188    -361    -681
    -202     191    -818    -587
     -18     228    -913    -662
     130     252    -479    -758
     185     182     279    -822
     116     109     780    -857
     -81      64     890    -637
    -156     108     575    -346
     -32     224     181    -130
     -25     223    -235      -9
    -103     206    -364     150
    -147     213    -289     117
    -147     210    -174      51
     -58     232    -146      42
     -49     110    -193     -91
     -57      56    -249    -374
     -43     -45    -158    -368
    -100     -40      -4    -578
    -212     -24      56    -714
    -204      58      73    -727
     -70     146      62    -714
     -52     216     149    -651
    -102     321     219    -618
     -44     472     372    -717
     -21     467     499    -682
     -38     445     445    -388
    -113     396      74     -77
     -76     326    -314     146
     -40     270    -552     173
     -42     216    -429     145
    -156      62    -207     132
    -299     -15    -109     155
    -309     -13     -91     -66
    -170     -66    -124    -215
     -24     -63     -60    -558
      77     -51     170    -661
      21      55     371    -834
    -152     196     503    -872
    -308     473     505    -790
    -354     665     250    -495
    -329     828    -237    -130
     -64     904    -618     -72
     209     772    -520    -134
     380     577      23    -101
     388     269     540      -2
     215     109     711      47
     -84     -22     508     138
    -548     -63    -312     108
    -758      15   -1045      64
    -626      72   -1215     -64
    -188      59    -705    -511
     327      13     158    -707
     497     -77     808    -779
     354     -92    1197    -916
     -28      -7     984    -904
    -288     206     446    -523
    -451     497    -464    -115
    -331     744   -1029     170
    -163     833   -1026     236
     -17     787    -541     157
      24     678      69    -127
      64     435     480    -352
     106     175     627    -311
      -1      15     597    -461
    -149     -68     338    -570
    -371    -136    -273    -609
    -508     -52    -762    -581
    -403      38    -932    -513
    -270     107    -660    -512
    -348     188    -260    -616
    -402     212      60    -632
    -193     327     409    -600
     187     357     584    -491
     421     346     931    -584
     353     392     899    -585
      54     437     476    -160
    -284     516    -305      65
    -444     630   -1050     357
    -408     623   -1233     420
    -223     545    -967     292
      41     323    -395     -61
     128      -1     212    -333
    -116    -171     496    -445
    -387    -142     470    -681
    -477     -57     138    -723
    -491      23     -96    -719
    -472     248     -86    -689
    -298     434     141    -678
      36     561     521    -806
     276     594     702    -797
     326     545     788    -755
      81     552     497    -460
    -302     637    -313    -102
    -479     675   -1218      44
    -473     676   -1681     134
    -262     558   -1426     145
     -56     320    -630      82
      -5      37     335    -437
     -61    -244     732    -699
     -75    -387     864    -694
    -103    -462     613    -609
    -206    -367     450    -736
    -247    -243     285    -844
    -200     -61     256    -869
    -225     131     221    -834
    -185     373     -12    -806
    -172     597    -400    -479
    -387     847    -736    -349
    -612    1040    -922    -277
    -465    1088    -768    -319
    -176     987    -204    -218
      60     738     448    -107
      89     424     736    -150
     -27     136     681    -361
    -191    -112     349    -403
    -134    -292    -205    -470
     -41    -390    -369    -337
      37    -516     -15    -436
     101    -412     508    -636
      18    -409     674    -676
    -221    -113     518    -661
    -330     106    -129    -523
    -332     280    -884    -606
    -313     584   -1272    -713
    -285     860   -1053    -700
    -198    1007    -461    -652
    -148     965     297    -606
    -159     818     549    -717
    -200     590     521    -693
    -109     373     315    -574
     140     176     138    -664
     267     -57     294    -713
     224    -201     528    -676
      79    -337     677    -587
     -83    -325     542    -568
    -204    -288     213    -607
    -230    -179    -420    -624
    -133      20    -888    -577
    -126     193   -1067    -513
    -151     316    -968    -445
    -274     440    -739    -298
    -238     550    -386    -387
      50     557      59    -484
     255     435     497    -437
     283     323     816    -339
      35     250    1081    -225
    -217     276     988    -238
    -215     216     593    -309
    -212     255     172    -390
     -84     345    -353    -366
     122     387    -661    -340
      36     271    -696    -225
    -161     288    -538    -243
    -314     316    -433    -348
    -322     306    -288    -380
    -176     284     -81    -348
     -40     224     144    -233
      76      90     374    -260
      92     -32     499    -346
     -24     -22     542    -374
    -164      44     532    -362
     -81     152     518    -340
     -21     148     335    -193
    -112     186     146    -248
    -241     329     -90    -344
    -332     451    -336    -369
    -436     456    -547    -346
    -323     493    -579    -309
    -183     516    -357    -242
     -65     450     -21    -349
      32     316     220    -388
     142     143     281    -361
     108      55     324    -301
     -76      62     385    -240
    -245     177     360    -342
    -269     272     180    -384
    -241     250     -82    -353
    -140     193    -220    -329
      97     212      -4    -236
     284     174     379    -334
     374     165     599    -366
     208     164     600    -291
    -246     264     216     -42
    -606     389    -609     268
    -640     525   -1299     246
    -358     512   -1419     174
      28     360    -820     -32
     255     129     148    -332
     261      13     830    -621
      36    -106    1081    -773
    -283      -7     832    -828
    -349      99     439    -740
    -249     276     -84    -437
    -190     367    -365    -444
    -228     480    -392    -361
    -178     524    -311    -302
    -103     460    -158    -152
     -69     317     -22    -244
    -152     262      62    -316
    -305     199     -55    -284
    -368     230    -234    -129
    -296     200    -390    -132
    -209     294    -328    -498
    -164     308     -51    -696
     -50     304     275    -798
      51     204     496    -767
      12     258     516    -931
    -172     298     364    -946
    -299     393      -6    -883
    -383     465    -319    -564
    -325     594    -384    -475
    -256     600    -193    -469
    -187     575      26    -330
    -253     453     141    -291
    -314     340     107    -199
    -135     252       8    -294
     120     108      75    -535
     211      45     201    -712
     140     -26     448    -790
    -135      -4     554    -728
    -513      44     387    -824
    -567     221    -150    -894
    -292     324    -687    -957
     -60     550    -849    -979
       8     636    -617    -983
     -43     575     -91    -961
    -167     507     292    -805
    -189     462     455    -609
     -54     391     453    -439
      20     301     521    -374
     -22     211     544    -383
     -60      83     508    -425
     -77      -2     220    -466
    -189      24    -246    -397
    -252     101    -575    -365
    -255     169    -768    -344
    -323     223    -753    -330
    -318     284    -473    -180
    -116     319      -2    -293
     218     266     508    -675
     297     182     811    -802
      73     116     855    -868
     -98     143     525    -918
    -148     213     186    -841
    -130     293    -228    -804
    -222     405    -467    -582
    -303     480    -472    -471
    -135     555    -471    -438
     157     514    -356    -458
     171     369    -138    -389
      72     292     166    -375
     -24     283     389    -337
     -45     269     416    -235
    -160     137     141    -212
    -175      95    -160    -256
    -157      73    -291    -334
     -91     104    -127    -344
     -66      79     277    -331
      -9     108     602    -296
      13     101     825    -239
      61      81     587    -174
      35      12      63    -260
     -81      80    -604    -298
    -336     128   -1162    -326
    -574     209   -1151    -309
    -587     265    -745    -341
    -320     268    -138    -542
      26     191     442    -852
     277     133     705   -1099
     260     -83     820   -1126
     -33    -106     543   -1121
    -341     -20     169    -956
    -418     131    -241    -529
    -230     161    -440    -276
      31     144    -321    -236
     161     101     -94    -196
      66     132     137    -194
    -119     104     139    -166
    -305      81     -80    -125
    -436     135    -304    -124
    -398     157    -314    -104
    -218     228    -130    -553
     -41     123     136    -929
     194      94     376   -1025
     268     -35     482   -1076
     203      48     455   -1077
      48     183     246    -922
     -97     278      26    -473
    -320     351    -235    -192
    -497     492    -461    -102
    -396     586    -578    -110
     -29     520    -478    -146
     252     321    -159    -266
     216     122     325    -486
      28     105     584    -630
     -47     172     673    -535
     -20     101     490    -647
    -124      44      58    -727
    -129      83    -355    -738
     -93      92    -504    -560
     -84      55    -466    -476
     -62      12    -352    -366
      31      28    -202    -334
     217      52      30    -308
     295      50     294    -269
      98      20     460    -169
    -282      78     368    -150
    -428     219     145    -134
    -189     281      75    -162
     101     373     212    -184
     256     486     403    -154
     105     549     452     -99
    -130     540     146      37
    -170     514    -398     -18
    -252     520    -913     -62
    -225     373   -1049    -120
    -117     252    -702    -104
    -113      14     -63    -183
    -277    -131     446    -145
    -438    -124     577    -315
    -167     -57     542    -450
     147     -84     532    -674
     298    -110     519    -688
     221      -2     491    -709
       0     130     367    -689
    -354     231      52    -620
    -712     494    -407    -265
    -682     759    -807    -196
    -317     842    -990    -104
     -18     786    -909    -142
       6     700    -619    -171
     -55     446    -208    -316
     -87     250     222    -387
     -36      79     544    -345
      18      -1     759    -437
     -23    -115    1023    -496
     -36    -173    1088    -628
     -41    -247     776    -633
    -217    -238     248    -609
    -388    -138    -478    -614
    -475      58    -930    -593
    -465     253   -1001    -513
    -344     478    -818    -503
    -283     665    -548    -580
    -273     700    -275    -619
    -109     629      73    -579
     130     524     496    -452
     212     309     777    -504
     112     162     979    -583
     -15      33     783    -633
    -185      -4     419    -561
    -274      56    -228    -329
    -240      66    -694    -262
    -151      90    -733    -161
     -17      60    -434      -8
     -49      34     -29     -63
    -172     124     370    -109
    -332     232     512    -136
    -380     452     299    -137
    -383     593    -166    -160
     -54     595    -388    -357
     203     566    -128    -650
     384     474     375    -922
     350     270     663   -1004
     213     179     655    -953
     -83      88     210    -609
    -556     162    -683    -111
    -614     272   -1418       0
    -352     254   -1349      64
     -65     221    -556     -55
     134     110     490    -292
     145      38    1037    -417
       8     -14    1144    -552
    -105      17     830    -669
    -118     110     378    -747
    -126     212    -165    -702
    -170     319    -543    -645
    -305     384    -772    -369
    -431     445    -892    -184
    -366     484    -935    -146
    -182     561    -659    -190
      -4     467    -135    -169
      54     312     512    -120
      10     171     773     -86
     -56     125     910    -258
     -94       6     625    -415
    -177      13     297    -420
    -200       3    -283    -425
    -195      34    -609    -433
    -295     118    -617    -361
    -402     253    -396    -368
    -342     321    -163    -444
    -150     349       4    -703
      19     241      47    -775
      56     238      90    -849
     -31     256     155    -841
    -201     363     149    -783
    -380     471     183    -863
    -452     578     180    -840
    -116     616     136    -747
     128     569     149    -648
     216     511     216    -547
      92     433     237    -504
    -132     329     151    -368
    -177     314      -3    -310
     -93     322     -79    -182
      25     222      -9    -123
      60      94      72     -37
     -43     -40     148      83
    -208    -115     129      16
    -319    -144     142     -27
    -213     -69     176    -154
       0     -46     298    -472
     -78     -39     316    -584
    -355     183     212    -549
    -691     367     -20    -642
    -559     604    -242    -797
    -176     733     -96    -840
     158     861     400    -834
     428     841     743    -808
     385     741     799    -803
     197     617     457    -584
     -73     512    -418    -310
    -165     467   -1152    -128
     -23     354   -1268     -82
     155     187    -769     -26
     149     -21      64      31
     -44    -292     527      44
    -191    -402     634     205
    -209    -385     540      39
    -155    -236     521    -424
    -212    -219     335    -754
    -317     -74      67   -1028
    -275      90    -130   -1113
    -226     408    -242   -1089
    -236     604    -253    -997
    -212     820    -232    -911
    -214     973    -166    -565
    -172     984     -58    -352
    -100     936     -26    -314
     -38     722     -54    -212
       0     491     -83    -159
       8     192     -12    -127
     -97     -17      20     -59
    -204    -196      24      58
    -233    -368    -110     -23
    -179    -379    -157     -51
     -47    -350     -92    -372
       3    -285     191    -700
     -92    -150     464    -759
    -190       4     505    -837
    -271     280     330    -867
    -245     583       0    -734
    -209     792    -230    -822
    -179     920    -282    -918
    -192     924    -159    -787
    -196     926     -23    -545
     -98     762      74    -371
       6     599     219    -310
     127     272     324    -356
     130      90     364    -364
    -140     -85     281    -319
    -435    -142     -17    -294
    -508    -181    -313    -164
    -279    -143    -396    -247
      97     -68     -29    -341
     322     -60     439    -297
     155     -34     522    -241
    -242     110     329    -189
    -579     319    -185    -295
    -569     605    -464    -302
    -364     731    -387    -263
    -234     765      69    -456
    -183     629     487    -749
     -21     596     547    -753
     105     428     531    -941
      42     263     388    -987
    -199     243      70    -852
    -339     310    -313    -827
    -309     352    -628    -689
    -207     335    -625    -512
     -67     319    -321    -308
      55     240     162    -364
      59     111     509    -322
     -75      60     565    -177
    -208      44     477    -290
    -305     181      70    -302
    -176     187    -391    -259
    -100     220    -544    -276
     -55     328    -371    -573
     -80     444     -24    -651
    -105     440     245    -626
     -32     460     314    -753
       4     441     357    -714
      66     423     362    -632
     -29     359     382    -749
    -239     294     177    -723
    -396     271    -204    -586
    -309     322    -614    -729
     -44     270    -692    -746
     181     154    -321    -593
     211      94     286    -734
      44      96     527    -672
    -176     158     504    -241
    -205     312      -2     -88
     -45     470    -510     -78
      46     446    -551      13
      72     510    -133     104
     -55     298     461      10
    -170     119     673    -101
    -164     -13     539    -407
    -147     -73     113    -680
    -177    -174    -641    -704
    -164    -116   -1001    -616
    -165     -42    -827    -834
    -146      -6    -200    -850
    -155      74     466    -683
    -177     155     716    -838
     -46     207     615    -834
     116     288     510    -728
     128     303     135    -874
     -29     468    -169    -709
    -201     602    -456    -273
    -280     661    -547    -236
    -266     663    -542    -166
    -160     665    -384      37
      -3     520    -282     -26
      45     323    -151     -60
     -41      60     -10    -257
    -150    -120     139    -456
    -254    -255     360    -687
    -304    -243     501    -670
    -178    -146     510    -572
      85     -46     538    -689
     154     -65     501    -737
       0     -24     355    -728
    -177     250     -93    -594
    -227     482    -617    -678
    -331     643   -1042    -749
    -361     816   -1156    -682
    -221     931    -890    -556
     -27     877    -318    -678
      91     658     401    -627
     152     370     805    -494
     158     106    1039    -598
     160     -29     893    -531
     -28    -227     536    -156
    -309    -304      72    -143
    -414    -302    -456    -147
    -192    -279    -743    -117
      -8    -238    -544     122
     161    -183    -148      33
     152     -40     170     -66
       4      54     182      19
    -252     156      13     -64
    -411     341    -172    -149
    -248     588    -237    -100
     -89     638     -53    -279
     -23     652     296    -576
    -123     495     506    -695
    -156     494     500    -577
    -202     348     258    -678
    -142     267    -164    -758
     -32     178    -495    -710
     -84     137    -543    -668
     -84      16    -243    -841
     -50      -2     251    -722
     -33     -10     538    -421
     -63      64     592    -246
     -72     184     502    -188
    -120     217     149    -100
    -162     320    -207      72
    -280     327    -388     -40
    -378     383    -314      14
    -271     389     -80     118
     -55     368     144    -328
       0     230     261    -614
    -111     111     164    -669
    -181     127      -1    -736
    -169     191    -166    -896
    -253     266    -199    -892
    -305     393     -58    -745
    -136     504     128    -852
     116     495     296    -858
     148     441     371    -525
     -27     436     285    -123
    -249     465     183     -32
    -349     345     -35     106
    -290     433    -133     272
    -206     333     -90      81
     -76     240      58    -257
     -28      77     296    -410
     -50     -31     403    -733
     -46     -63     292    -723
    -147     -32      57    -775
    -319      56    -167    -887
    -442     190    -306    -828
    -371     368    -235    -797
     -70     480     132    -887
     240     530     518    -721
     310     480     784    -820
     157     365     772    -444
     -27     399     505      55
    -203     314     -16      70
    -237     328    -468     122
    -284     324    -673     167
    -285     254    -561     217
    -234     238    -328    -263
    -194     118    -102    -558
     -64      89     133    -580
     104      36     362    -826
     134       3     491    -953
       2      44     512    -930
    -127     160     401    -797
    -186     304     139    -604
    -226     456     -12    -452
    -282     596     -53    -319
    -185     653     -20     -54
     -52     594      -8    -142
     108     409     -87    -183
      72     272    -152    -141
    -203     241    -148      30
    -444     221     -96     -71
    -377     142       1    -183
     -96      20     149    -480
     169     -17     217    -536
     229      15     340    -817
      70      22     323    -977
    -265      92     193    -985
    -409     301     -81    -785
    -348     482    -323    -368
    -227     616    -325    -349
     -58     577     -57    -351
      61     458     357    -269
      63     339     520    -112
      23     226     530    -188
    -108     137     356    -212
    -247      77    -198    -164
    -227      98    -686     -73
    -117      76    -783     -88
     -70      66    -476    -376
     -81      35      24    -531
      46     -11     463    -577
     121      -6     572    -544
      73      62     645    -640
     -40     106     510    -709
    -180     323     154    -660
    -329     497    -279    -561
    -391     667    -457    -587
    -218     700    -430    -706
      -3     606    -219    -693
      53     464      57    -633
      40     368     137    -560
      16     227      53    -612
    -150     168    -170    -386
    -166     113    -364    -205
     -52      31    -248     -45
     177     -27     236     -54
     289    -171     632    -117
     186    -199     896     -44
    -179    -177     588     -41
    -456       2     -14     127
    -580     207    -808      98
    -385     429   -1205     -26
    -112     627    -932    -377
      85     649    -321    -504
     146     606     221    -522
     132     517     402    -691
      56     271     367    -685
     -97     212     291    -657
    -248     150     178    -569
    -320      92     107    -499
    -208      59      62    -369
      22      -2      58    -318
     100     -12     168    -181
      -6     -28     247     -88
    -129      34     211    -150
    -250      82      53    -216
    -339     223     -55    -168
    -272     384    -212    -148
    -223     466    -326     -35
    -307     544    -426    -128
    -316     527    -418    -167
     -94     468    -185    -313
     175     351     219    -447
     188     105     541    -729
      32      38     649    -734
     -32       4     568    -779
     -82      56     300    -722
    -335     125    -234    -655
    -576     230    -615    -400
    -521     434    -663    -276
    -118     531    -356     -32
     182     463     175    -108
     175     345     515    -108
      -1     223     550     -13
    -192     245     223     124
    -261     233    -306      60
    -208     216    -665    -370
    -119     242    -619    -787
     -45     212    -168   -1008
     -79     210     315   -1045
    -220     159     512   -1256
    -296     182     448   -1207
    -138     171     195    -794
      95     280      24    -454
     234     254      54    -147
      96     257     246     -72
     -92     281     354     -86
    -197     338     288    -126
    -203     380     -13    -123
    -231     429    -427     -41
    -418     439    -822     -30
    -524     436    -940     132
    -424     357    -781       0
     -60     205    -313    -437
     210     -17     210    -696
     216    -154     534    -787
      67    -204     627    -714
       3    -197     607    -818
     -64     -83     546    -836
    -137     100     510    -609
    -244     329     398    -352
    -208     615     175    -150
    -164     747    -189     -26
    -268     794    -668     160
    -314     793   -1060     102
    -480     832   -1233     -51
    -547     768   -1050    -401
    -452     580    -540    -747
    -170     306     132    -897
     207      67     707   -1091
     496    -195    1343   -1272
     595    -296    1718   -1297
     385    -248    1540   -1020
      13    -116     737    -631
    -311      80    -236    -148
    -346     305   -1290      34
    -128     381   -1661     177
      49     366   -1240     177
       6     328    -321      -1
    -277     254     405    -182
    -440     208     533    -377
    -401     176     502    -541
    -258     187     179    -559
      17     235      -8    -632
     263     237     138    -684
     392     166     499    -593
     279     223     618    -748
      65     350     666    -784
    -182     428     492    -560
    -230     534      72    -340
    -175     576    -483    -182
    -198     567    -949     -45
    -268     571   -1059      -1
    -326     497    -783     152
    -310     345    -241      16
    -232     262     222    -440
    -210     144     498    -678
     -60      14     505    -719
      86     -98     444    -818
      53    -130     364    -698
     -83       0     368    -768
    -215     118     453    -827
    -229     308     409    -656
    -104     552     262    -465
      88     627     -94    -326
      98     700    -388    -213
    -170     612    -546    -157
    -533     634    -509     -34
    -620     609    -395     -84
    -432     551    -128    -154
    -157     357     138    -249
      24     141     326    -495
     -22     -40     352    -665
    -137     -79     282    -579
    -196    -146     204    -752
    -138     -53     357    -824
      24      83     514    -906
     248     226     540    -891
     284     293     449    -843
     -49     396    -162    -523
    -516     595    -897    -129
    -645     791   -1377     164
    -483     844   -1202     112
    -195     737    -318     -48
     -17     484     544    -389
      36     224    1133    -636
     -47     -26     995    -576
    -108    -194     519    -741
      10    -322      -2    -808
      36    -336    -318    -856
     -21    -239    -243    -933
    -213     -26     -93    -698
    -301     209     -44    -358
    -138     348    -167    -213
     122     357    -282    -134
     195     343    -286      60
      64     279    -130      69
    -219     227      58      38
    -442     189      61     -36
    -393     109      -3     -83
    -155     118      61    -494
     188      33     287    -707
     382     -24     537    -684
     216    -200     615    -864
    -103    -152     504    -914
    -325     -25    -200    -720
    -340     151    -958    -412
    -160     217   -1154    -323
     -21     291    -628    -189
     149     358     260    -141
