-0.0281927816194
0.0517122198731
0.168700746712
0.154760602778
0.229880610081
0.265443790969
0.357632457029
0.402003527311
0.520545258002
0.533850426684
0.570434688579
0.684399158032
0.719070808
0.747538452372
0.819463125743
0.793429454042
0.871540529784
0.886647003885
0.858822099592
0.911677357581
0.99252464034
0.92524375161
0.942349567924
1.00538944593
0.998026728428
1.0
0.998026728428
0.992114701314
0.982287250729
0.968583161129
0.951056516295
0.929776485888
0.904827052466
0.876306680044
0.844327925502
0.809016994375
0.770513242776
0.728968627421
0.684547105929
0.637423989749
0.587785252292
0.535826794979
0.481753674102
0.425779291565
0.368124552685
0.309016994375
0.248689887165
0.187381314586
0.125333233564
0.0627905195293
1.22464679915e-16
-0.0627905195293
-0.125333233564
-0.187381314586
-0.248689887165
-0.309016994375
-0.368124552685
-0.425779291565
-0.481753674102
-0.535826794979
-0.587785252292
-0.637423989749
-0.684547105929
-0.728968627421
-0.770513242776
-0.809016994375
-0.844327925502
-0.876306680044
-0.904827052466
-0.929776485888
-0.951056516295
-0.968583161129
-0.982287250729
-0.992114701314
-0.998026728428
-1.0
-0.998026728428
-0.992114701314
-0.982287250729
-0.968583161129
-0.951056516295
-0.929776485888
-0.904827052466
-0.876306680044
-0.844327925502
-0.809016994375
-0.770513242776
-0.728968627421
-0.684547105929
-0.637423989749
-0.587785252292
-0.535826794979
-0.481753674102
-0.425779291565
-0.368124552685
-0.309016994375
-0.248689887165
-0.187381314586
-0.125333233564
-0.0627905195293
-2.44929359829e-16
0.0627905195293
0.125333233564
0.187381314586
0.248689887165
0.309016994375
0.368124552685
0.425779291565
0.481753674102
0.535826794979
0.587785252292
0.637423989749
0.684547105929
0.728968627421
0.770513242776
0.809016994375
0.844327925502
0.876306680044
0.904827052466
0.929776485888
0.951056516295
0.968583161129
0.982287250729
0.992114701314
0.998026728428
1.0
0.998026728428
0.992114701314
0.982287250729
0.968583161129
0.951056516295
0.929776485888
0.904827052466
0.876306680044
0.844327925502
0.809016994375
0.770513242776
0.728968627421
0.684547105929
0.637423989749
0.587785252292
0.535826794979
0.481753674102
0.425779291565
0.368124552685
0.309016994375
0.248689887165
0.187381314586
0.125333233564
0.0627905195293
3.67394039744e-16
-0.0627905195293
-0.125333233564
-0.187381314586
-0.248689887165
-0.309016994375
-0.368124552685
-0.425779291565
-0.481753674102
-0.535826794979
-0.587785252292
-0.637423989749
-0.684547105929
-0.728968627421
-0.770513242776
-0.809016994375
-0.844327925502
-0.876306680044
-0.904827052466
-0.929776485888
-0.951056516295
-0.968583161129
-0.982287250729
-0.992114701314
-0.998026728428
-1.0
-0.998026728428
-0.992114701314
-0.982287250729
-0.968583161129
-0.951056516295
-0.929776485888
-0.904827052466
-0.876306680044
-0.844327925502
-0.809016994375
-0.770513242776
-0.728968627421
-0.684547105929
-0.637423989749
-0.587785252292
-0.535826794979
-0.481753674102
-0.425779291565
-0.368124552685
-0.309016994375
-0.248689887165
-0.187381314586
-0.125333233564
-0.0627905195293
